-1.520711 1.456853 -0.813548 0.578114 -0.880795 0.849489 -0.861814 0.615788 -0.480523 0.280073
-2.241425 1.948846 -1.688756 1.341167 -1.283867 1.445161 -0.994722 0.725583 -1.101801 0.356160
-2.309048 2.104749 -2.013103 1.625345 -1.870816 1.570434 -1.108915 1.007290 -1.044537 0.547054
-2.451742 2.407847 -1.893015 1.769744 -1.503316 1.608586 -1.271941 1.157218 -0.645704 0.458331
-2.611581 2.422804 -1.992431 1.731672 -1.347813 1.593512 -1.310178 1.348515 -0.804945 0.629919
-2.637364 2.181512 -1.953011 2.023216 -1.445900 1.360121 -1.195395 1.098622 -0.716993 0.664616
-2.718060 2.173068 -2.043284 1.873766 -1.623154 1.343568 -1.191338 0.999498 -0.788344 0.598698
-2.723727 2.336610 -2.089839 1.897104 -1.596736 1.377131 -1.120919 0.958611 -0.830702 0.616673
-2.716693 2.356275 -2.092614 1.829309 -1.582647 1.317372 -1.094459 0.943003 -0.793089 0.665766
-2.704089 2.395309 -2.094937 1.807766 -1.593242 1.367612 -1.183579 0.981386 -0.805237 0.702904
-2.705025 2.359148 -2.090827 1.834897 -1.595435 1.362147 -1.183740 0.968717 -0.793254 0.675154
-2.706828 2.365015 -2.101238 1.833362 -1.604423 1.369433 -1.189326 0.986877 -0.802011 0.656688
-2.704316 2.369129 -2.103394 1.832509 -1.611613 1.374158 -1.181931 0.981148 -0.809558 0.644662
-2.701622 2.373989 -2.099094 1.834185 -1.605675 1.380133 -1.180913 0.986124 -0.808440 0.643299
-2.699617 2.376208 -2.097107 1.835693 -1.602934 1.379418 -1.179694 0.987599 -0.809613 0.643952
-2.698851 2.377578 -2.096430 1.836117 -1.601209 1.379822 -1.179174 0.988567 -0.809875 0.643333
-2.698447 2.377795 -2.096516 1.836349 -1.600719 1.380132 -1.178473 0.988483 -0.810375 0.642968
-2.698112 2.377854 -2.096486 1.836169 -1.600471 1.380209 -1.178494 0.988580 -0.810259 0.642752
-2.698141 2.377959 -2.096479 1.836141 -1.600455 1.380229 -1.178576 0.988710 -0.810253 0.642858
-2.698151 2.377961 -2.096512 1.836149 -1.600421 1.380216 -1.178649 0.988587 -0.810327 0.642846
