-1.247149 1.275212 -0.979265 0.643501 -0.960429 0.385757 -0.481722 0.166947 -0.742377 0.476787
-1.666510 1.730447 -1.595003 1.001601 -1.478282 1.023173 -0.879659 0.498885 -1.153881 0.706524
-1.896523 1.957067 -1.787105 1.405352 -1.528413 1.284614 -1.172768 0.789189 -1.184458 0.603961
-2.045179 2.061861 -1.897840 1.563934 -1.669535 1.393126 -1.257904 0.847959 -1.070647 0.500657
-2.216067 2.178717 -1.939796 1.599357 -1.689116 1.406294 -1.276030 0.971978 -0.949485 0.618564
-2.297417 2.226405 -2.003665 1.722297 -1.659463 1.371120 -1.251633 0.939922 -0.885876 0.646086
-2.428544 2.274128 -2.016351 1.771799 -1.650607 1.363674 -1.208581 0.978382 -0.886067 0.656403
-2.467662 2.286890 -2.057180 1.799295 -1.660113 1.372002 -1.218586 0.974370 -0.839425 0.639956
-2.468472 2.303233 -2.079673 1.821154 -1.629366 1.375657 -1.215360 0.981217 -0.830050 0.625978
-2.476259 2.318410 -2.086249 1.824432 -1.623621 1.388945 -1.209985 0.994010 -0.818868 0.644071
-2.492815 2.331420 -2.087972 1.832336 -1.626107 1.386714 -1.197515 1.004497 -0.821239 0.646580
-2.511571 2.332778 -2.091290 1.835656 -1.627068 1.388393 -1.200945 1.001967 -0.820641 0.642899
-2.528258 2.337576 -2.091426 1.837655 -1.627185 1.386675 -1.194074 1.007122 -0.821338 0.643494
-2.533893 2.341954 -2.092627 1.836000 -1.623652 1.386655 -1.193735 1.004259 -0.817288 0.642668
-2.540883 2.346336 -2.092922 1.838000 -1.622967 1.386273 -1.186806 1.007025 -0.817707 0.643508
-2.548255 2.350109 -2.093235 1.840245 -1.623334 1.386463 -1.184389 1.008563 -0.817382 0.643567
-2.549414 2.351772 -2.094789 1.840653 -1.621198 1.386850 -1.183174 1.002339 -0.817766 0.644559
-2.552048 2.352757 -2.095350 1.841059 -1.621892 1.387346 -1.184268 1.000089 -0.816466 0.642915
-2.554714 2.353461 -2.096050 1.840685 -1.621191 1.387148 -1.182887 0.998571 -0.815119 0.644245
-2.556286 2.354308 -2.096796 1.841117 -1.619969 1.386514 -1.181826 0.998760 -0.816072 0.645013
-2.557539 2.355053 -2.097229 1.841468 -1.618936 1.386035 -1.181097 0.998968 -0.816193 0.645595
-2.558483 2.355545 -2.097613 1.841758 -1.617775 1.385714 -1.180533 0.998970 -0.816202 0.646182
-2.559192 2.355726 -2.097926 1.841600 -1.616741 1.386117 -1.180154 0.998054 -0.815220 0.646684
-2.559222 2.355720 -2.098111 1.841050 -1.615938 1.386424 -1.178787 0.997714 -0.814569 0.647399
-2.559447 2.355923 -2.098407 1.840404 -1.615705 1.386110 -1.178287 0.999412 -0.813692 0.648314
-2.559471 2.355489 -2.098305 1.840981 -1.615438 1.385373 -1.178245 0.998554 -0.812891 0.648867
-2.559355 2.355744 -2.098258 1.841311 -1.614353 1.385217 -1.178102 0.997785 -0.814265 0.649542
-2.559354 2.356575 -2.098305 1.841941 -1.613929 1.384774 -1.179254 0.997372 -0.815483 0.645452
-2.559355 2.356866 -2.098147 1.842279 -1.613142 1.384433 -1.178387 1.000256 -0.813107 0.646882
-2.559937 2.357162 -2.097528 1.842679 -1.613228 1.384160 -1.180369 1.000633 -0.813616 0.646398
-2.560128 2.357261 -2.097190 1.844030 -1.612879 1.383891 -1.181425 1.000411 -0.815427 0.644618
-2.560846 2.357835 -2.097048 1.844591 -1.610501 1.384948 -1.183299 0.998414 -0.813077 0.643811
-2.561353 2.357799 -2.096242 1.845571 -1.608623 1.384610 -1.183477 0.997200 -0.814753 0.644610
-2.561123 2.358354 -2.095414 1.846110 -1.606242 1.384338 -1.183107 0.995645 -0.816542 0.644952
-2.561830 2.358710 -2.095801 1.845709 -1.605953 1.384972 -1.184608 0.995720 -0.815802 0.644682
-2.562908 2.359282 -2.096837 1.845702 -1.605729 1.384040 -1.183007 0.996568 -0.816482 0.645357
-2.563601 2.359797 -2.097431 1.845955 -1.606419 1.383396 -1.182997 0.994255 -0.816019 0.644967
-2.563601 2.360031 -2.096668 1.846324 -1.604856 1.383238 -1.183199 0.994147 -0.817339 0.644882
-2.563602 2.360089 -2.097461 1.846041 -1.605171 1.385471 -1.183520 0.994059 -0.815715 0.645174
-2.563603 2.359789 -2.097759 1.844903 -1.604441 1.385003 -1.182799 0.996394 -0.814520 0.645740
-2.563603 2.360554 -2.097764 1.844375 -1.603725 1.385281 -1.183640 0.996425 -0.814518 0.643720
-2.563603 2.360598 -2.097505 1.843840 -1.603455 1.383612 -1.181746 0.995536 -0.812415 0.669533
-2.562840 2.360584 -2.096384 1.844127 -1.603301 1.382676 -1.183860 0.997116 -0.829690 0.651599
-2.562808 2.360558 -2.096506 1.843838 -1.603543 1.384681 -1.183747 0.997931 -0.817613 0.645844
-2.562808 2.360914 -2.096675 1.840931 -1.601126 1.383769 -1.177895 1.016555 -0.810165 0.651921
-2.562809 2.361334 -2.096929 1.842120 -1.603531 1.376043 -1.185579 1.012523 -0.817939 0.659330
-2.562781 2.361460 -2.097057 1.830364 -1.597091 1.372592 -1.177485 1.035212 -0.808925 0.666404
-2.562781 2.360955 -2.096941 1.837162 -1.599531 1.365508 -1.179279 1.013610 -0.801208 0.650793
-2.562572 2.361590 -2.093974 1.841077 -1.587880 1.369415 -1.179480 1.007443 -0.810809 0.649856
-2.562874 2.361481 -2.096465 1.843220 -1.599133 1.377017 -1.186523 0.995532 -0.811951 0.640687
-2.563530 2.361855 -2.097633 1.845602 -1.601787 1.382492 -1.184182 0.991693 -0.813984 0.644425
-2.564275 2.362566 -2.098990 1.844965 -1.604124 1.385535 -1.185423 0.993241 -0.814451 0.645214
-2.565249 2.363570 -2.100671 1.844901 -1.604271 1.383909 -1.183069 0.993887 -0.815526 0.645390
-2.565892 2.364295 -2.101348 1.845039 -1.605241 1.383561 -1.182936 0.992529 -0.815680 0.644884
-2.566567 2.364222 -2.100625 1.845927 -1.603533 1.383542 -1.182377 0.991777 -0.816912 0.645788
-2.566567 2.364199 -2.101188 1.845527 -1.603895 1.384519 -1.183412 0.992730 -0.816213 0.645321
-2.566545 2.363861 -2.101686 1.844921 -1.603140 1.384189 -1.182854 0.995084 -0.815806 0.646388
-2.566547 2.363997 -2.101956 1.844052 -1.603186 1.383322 -1.181718 0.996920 -0.814734 0.646478
-2.566547 2.363358 -2.101799 1.844297 -1.605056 1.383018 -1.181336 0.996480 -0.813996 0.645768
-2.566547 2.362569 -2.101770 1.844548 -1.606223 1.381486 -1.181884 0.996013 -0.816373 0.647678
-2.566247 2.361043 -2.101666 1.844078 -1.608263 1.379458 -1.182331 0.993021 -0.820697 0.654461
-2.566097 2.361616 -2.101347 1.843674 -1.609116 1.381846 -1.183137 0.992858 -0.815961 0.647597
-2.566210 2.361240 -2.101327 1.845374 -1.608316 1.380437 -1.183463 0.990716 -0.812286 0.645659
-2.566699 2.361807 -2.100601 1.845872 -1.606518 1.382373 -1.185941 0.991565 -0.810489 0.645413
-2.567317 2.361691 -2.098821 1.847179 -1.603705 1.382453 -1.185773 0.990512 -0.813713 0.645952
-2.567317 2.361689 -2.100020 1.846701 -1.604359 1.384911 -1.185719 0.991317 -0.814711 0.645124
-2.566432 2.362291 -2.100012 1.845123 -1.603403 1.384769 -1.184352 0.994750 -0.812919 0.645591
-2.566432 2.363196 -2.100140 1.843477 -1.602482 1.384452 -1.182656 0.998440 -0.810327 0.647027
-2.565175 2.364038 -2.100170 1.841447 -1.603973 1.383559 -1.180997 1.001406 -0.808667 0.649653
-2.565197 2.363680 -2.099998 1.842845 -1.603814 1.380408 -1.181193 0.999514 -0.806982 0.647364
-2.565847 2.363232 -2.098487 1.843843 -1.601474 1.379994 -1.181183 0.997881 -0.810036 0.649301
-2.565848 2.363213 -2.098184 1.845503 -1.601942 1.380654 -1.183193 0.996396 -0.813253 0.645421
-2.565848 2.363490 -2.098040 1.843695 -1.600609 1.379903 -1.182115 1.001185 -0.810356 0.647008
-2.565847 2.362169 -2.099111 1.843177 -1.602712 1.378152 -1.184080 1.000224 -0.814826 0.645964
-2.567423 2.364437 -2.098871 1.844245 -1.602536 1.378370 -1.186115 1.000363 -0.814724 0.643233
-2.567483 2.365853 -2.098834 1.843705 -1.603368 1.382333 -1.186865 1.000618 -0.811733 0.642188
-2.568372 2.365635 -2.098838 1.846119 -1.603183 1.380987 -1.185139 0.996951 -0.811626 0.642067
-2.569493 2.366170 -2.099403 1.845805 -1.604642 1.381600 -1.185945 0.993945 -0.813973 0.645112
-2.570184 2.366718 -2.099710 1.845242 -1.605067 1.383264 -1.185833 0.994245 -0.814369 0.644726
-2.570184 2.366663 -2.099732 1.845854 -1.603660 1.382556 -1.186369 0.995543 -0.815978 0.643991
-2.570542 2.366242 -2.098120 1.844877 -1.603664 1.380655 -1.185186 0.994841 -0.814361 0.646468
-2.570542 2.366224 -2.098194 1.844350 -1.603799 1.382238 -1.185575 0.994675 -0.814270 0.646165
-2.570542 2.366425 -2.097737 1.843944 -1.603139 1.381957 -1.186928 0.995938 -0.817155 0.635566
-2.570542 2.366798 -2.096604 1.844688 -1.603437 1.380153 -1.188655 0.999167 -0.819088 0.631082
-2.571653 2.367575 -2.095038 1.844983 -1.602836 1.379724 -1.191663 1.004397 -0.823913 0.626286
-2.571647 2.367554 -2.095264 1.844717 -1.602884 1.383757 -1.192127 1.001878 -0.814247 0.636905
-2.571647 2.367668 -2.095954 1.844468 -1.601521 1.379452 -1.182667 1.006774 -0.816937 0.639972
-2.571647 2.367074 -2.096588 1.840516 -1.601320 1.381566 -1.183088 1.004043 -0.814109 0.645077
-2.571647 2.368764 -2.096722 1.848791 -1.601471 1.383241 -1.186676 1.006696 -0.824924 0.640324
-2.572712 2.366479 -2.097399 1.838347 -1.597533 1.369381 -1.175009 0.994238 -0.810860 0.673806
-2.572713 2.369321 -2.097315 1.840868 -1.590558 1.374098 -1.182217 0.997962 -0.804851 0.649067
-2.571949 2.371129 -2.097100 1.852271 -1.581669 1.384292 -1.192427 0.994430 -0.826492 0.644984
-2.573767 2.371641 -2.097144 1.849462 -1.580917 1.382291 -1.199950 1.004211 -0.835388 0.634982
-2.575030 2.372057 -2.096542 1.860640 -1.580143 1.381977 -1.210917 1.012549 -0.841309 0.627076
-2.575030 2.372794 -2.096584 1.852821 -1.591711 1.393800 -1.199909 1.004587 -0.821031 0.638813
-2.575030 2.374331 -2.104630 1.841490 -1.584697 1.391271 -1.192030 1.026612 -0.812042 0.645519
-2.575030 2.374053 -2.097312 1.849255 -1.571230 1.392747 -1.188409 1.016122 -0.825282 0.650330
-2.575030 2.373965 -2.091305 1.862356 -1.571405 1.393215 -1.195113 1.022447 -0.839781 0.637900
-2.574135 2.372013 -2.101646 1.862060 -1.585416 1.384719 -1.199702 1.010482 -0.866467 0.636080
-2.574135 2.372107 -2.099204 1.867628 -1.587626 1.375669 -1.190173 0.997199 -0.828417 0.638537
