-1.916443 1.561430 -0.930981 0.624132 -0.821432 1.047176 -0.884772 0.608585 -0.389457 0.547684
-2.455599 2.213881 -2.071790 1.080480 -0.710821 1.263822 -0.971906 1.302234 -1.119156 0.797884
-2.450514 2.192301 -2.010291 1.915330 -0.950761 1.545999 -0.827930 0.785634 -0.861448 0.943673
-2.443344 2.192693 -2.249716 1.939207 -2.376616 1.435889 -1.598667 0.621393 -0.508134 1.054965
-2.505886 2.315687 -2.180549 1.632034 -2.211903 1.476169 -1.909147 1.457396 -0.707982 0.644430
-2.701996 2.580283 -1.805325 1.955586 -1.349462 1.145147 -1.708174 0.985862 -0.424518 0.492950
-2.832132 2.631084 -1.691247 1.882650 -1.583956 1.881261 -1.704666 1.280833 -0.373626 0.929536
-2.796989 2.803686 -1.458521 1.895758 -1.193251 1.721870 -1.565812 0.960761 -0.269038 0.401273
-2.712603 2.082774 -1.662594 1.860181 -1.564488 1.661622 -1.198789 0.340520 -0.624547 1.313679
-2.730739 1.897588 -1.652641 2.280013 -1.567734 1.328564 -1.265509 0.420876 -0.412390 1.067601
-2.747642 2.329937 -1.577816 1.999442 -1.336912 1.353958 -1.340052 0.780626 -0.656559 0.738414
-2.790070 2.455613 -1.802236 1.642820 -1.381892 1.477779 -1.394919 0.981258 -0.957680 0.908217
-2.869418 2.414865 -1.963597 1.812681 -1.475546 1.549160 -1.255806 0.922535 -0.981586 0.795786
-2.871449 2.497563 -2.084317 1.848182 -1.532377 1.521026 -1.215311 0.857880 -0.853379 0.791186
-2.879773 2.484124 -2.080809 1.904943 -1.592254 1.469361 -1.130147 0.946413 -0.877603 0.690024
-2.875221 2.455593 -2.067956 1.912976 -1.593481 1.369226 -1.128712 0.948804 -0.811130 0.651886
-2.856795 2.454774 -2.068850 1.866485 -1.582100 1.385365 -1.163926 0.983642 -0.794474 0.651085
-2.851509 2.455347 -2.085910 1.853198 -1.595964 1.371680 -1.171813 0.978766 -0.810921 0.643083
-2.850919 2.455468 -2.083691 1.845707 -1.585206 1.369164 -1.174776 0.983751 -0.800820 0.637356
-2.850991 2.455467 -2.083047 1.836666 -1.588094 1.370754 -1.171316 0.981628 -0.801857 0.639636
