-2.018380 1.676634 -0.892198 0.520237 -1.071872 1.069835 -0.934874 0.735533 -0.431028 0.501602
-2.614465 1.972063 -1.868629 1.576106 -2.173383 1.618989 -1.508986 0.455580 -0.398789 0.024787
-3.195622 2.460942 -2.421032 2.062739 -1.747264 1.850933 -1.193875 0.103058 -0.925868 0.426382
-2.578021 2.156157 -2.563170 1.958979 -2.558282 1.292532 -1.160799 0.373909 -0.832536 0.437900
-2.977357 2.438411 -2.321699 1.593220 -2.001205 1.518583 -1.496620 1.035799 -0.616706 0.820131
-2.587776 2.384563 -2.524723 1.557085 -2.587970 1.134947 -1.444651 0.782293 -0.640482 0.660690
-2.888883 2.572823 -2.391244 1.507644 -2.051490 1.381510 -1.613076 1.194215 -0.480349 0.899498
-2.592120 2.477293 -2.474594 1.479761 -2.618455 1.141357 -1.468715 0.892786 -0.598020 0.730000
-2.859135 2.603600 -2.366988 1.416098 -2.076056 1.373389 -1.570450 1.228239 -0.475191 0.927705
-2.565683 2.519871 -2.437331 1.508055 -2.499406 1.096334 -1.454203 0.960946 -0.609304 0.701886
-2.840510 2.650078 -2.322832 1.485290 -2.013148 1.381823 -1.560512 1.230941 -0.550513 0.901365
-2.565328 2.539675 -2.423587 1.512186 -2.445689 1.201143 -1.373520 0.961681 -0.611366 0.768560
-2.624444 2.418758 -2.161441 1.947861 -1.709295 1.595778 -1.351810 0.866649 -1.189057 0.835023
-2.562853 2.393472 -2.429238 1.822317 -2.210882 1.283962 -1.308208 0.744899 -0.952771 0.680621
-2.856178 2.533796 -2.243764 1.661800 -1.864032 1.440833 -1.441769 1.046527 -0.759117 0.810161
-2.606181 2.465513 -2.351388 1.705962 -2.229792 1.259736 -1.392529 0.912727 -0.712513 0.715678
-2.793232 2.559645 -2.245435 1.605356 -1.880535 1.415770 -1.463621 1.142570 -0.633447 0.831796
-2.604973 2.475124 -2.318213 1.614884 -2.238073 1.279652 -1.343696 0.937231 -0.667799 0.743394
-2.775451 2.557235 -2.255241 1.576403 -1.901485 1.380520 -1.438938 1.159675 -0.649902 0.831848
-2.591115 2.475616 -2.304894 1.600001 -2.187282 1.261352 -1.326044 0.961092 -0.727993 0.696709
